  0   0   0   0 225   1   0   0 220   0 255 225   0   0   0   0
  0  14   0 255 159 255 255   0   0 255   0 159 255   0  14   0
  0   0   0 255 159 255   0   0  17  59   0 159 255   0   0   0
  0 255 255 243 164 255 218   0 255 255 255 164 243 255 255   0
225 159 159 164 255   0 193 229  51 193   0 255 164 159 159 225
  0 248   0 255 159 255 255 255 235 216   0 122 255 255 255   0
  0   0  32 233   0 248  84 255   0  84 255   0   0   0 199   0
255   0 255   0 124   6 255 255 255 255 255 255   0  71   0   0
  0   0   0   0 124   0   0 255   0   0   0 120 255 228 255 171
  0 255   0   0   0   0  93 146 235 255 195   0 233   0   0   0
  1   0  24   0   0 255 255   0   0 255   0   0   0 112   0 194
225 159 159 164 255  96 255 174 124 255   0 233 255 164  96  68
  0 255 255 243 164 255   0 225   0 218   0 255 255 223 255 255
  0   0   0 255 159   0   0  18  17   0   0   0 152 254 255  32
  0  14   0 255 159 255  11   5 255 180   0  69 244   0   0   0
  0   0   0   0 225   0 255 255 255   0   0  38 223  13 215   0
  0   0   0   0 225   1   0   0 220   0 255 225   0   0   0   0
  0  14   0 255 159 255 255   0   0 255   0 159 255   0  14   0
  0   0   0 255 159 255   0   0  17  59   0 159 255   0   0   0
  0 255 255 243 164 255 218   0 255 255 255 164 243 255 255   0
225 159 159 164 255   0 193 229  51 193   0 255 164 159 159 225
  0 248   0 255 159 255 255 255 235 216   0 122 255 255 255   0
  0   0  32 233   0 248  84 255   0  84 255   0   0   0 199   0
255   0 255   0 124   6 255 255 255 255 255 255   0  71   0   0
  0   0   0   0 124   0   0 255   0   0   0 120 255 228 255 171
  0 255   0   0   0   0  93 146 235 255 195   0 233   0   0   0
  1   0  24   0   0 255 255   0   0 255   0   0   0 112   0 194
225 159 159 164 255  96 255 174 124 255   0 233 255 164  96  68
  0 255 255 243 164 255   0 225   0 218   0 255 255 223 255 255
  0   0   0 255 159   0   0  18  17   0   0   0 152 254 255  32
  0  14   0 255 159 255  11   5 255 180   0  69 244   0   0   0
  0   0   0   0 225   0 255 255 255   0   0  38 223  13 215   0
  0   0   0   0 225   1   0   0 220   0 255 225   0   0   0   0
  0  14   0 255 159 255 255   0   0 255   0 159 255   0  14   0
  0   0   0 255 159 255   0   0  17  59   0 159 255   0   0   0
  0 255 255 243 164 255 218   0 255 255 255 164 243 255 255   0
225 159 159 164 255   0 193 229  51 193   0 255 164 159 159 225
  0 248   0 255 159 255 255 255 235 216   0 122 255 255 255   0
  0   0  32 233   0 248  84 255   0  84 255   0   0   0 199   0
255   0 255   0 124   6 255 255 255 255 255 255   0  71   0   0
  0   0   0   0 124   0   0 255   0   0   0 120 255 228 255 171
  0 255   0   0   0   0  93 146 235 255 195   0 233   0   0   0
  1   0  24   0   0 255 255   0   0 255   0   0   0 112   0 194
225 159 159 164 255  96 255 174 124 255   0 233 255 164  96  68
  0 255 255 243 164 255   0 225   0 218   0 255 255 223 255 255
  0   0   0 255 159   0   0  18  17   0   0   0 152 254 255  32
  0  14   0 255 159 255  11   5 255 180   0  69 244   0   0   0
  0   0   0   0 225   0 255 255 255   0   0  38 223  13 215   0

  0   0   0   0 225   0   0   0 171   0 194  68 255  32   0   0
  0  14   0 255 159 255 199   0 255   0   0  96 255 255   0 215
  0   0   0 255 159 255   0  71 228   0 112 164 223 254   0  13
  0 255 255 243 164 255   0   0 255 233   0 255 255 152 244 223
225 159 159 164 255 122   0 255 120   0   0 233 255   0  69  38
255   0   0 255   0   0 255 255   0 195   0   0   0   0   0   0
  0 255  59 255 193 216  84 255   0 255 255 255 218   0 180   0
220   0  17 255  51 235   0 255   0 235   0 124   0  17 255 255
  0   0   0   0 229 255 255 255 255 146   0 174 225  18   5 255
  0 255   0 218 193 255  84 255   0  93 255 255   0   0  11 255
  1 255 255 255   0 255 248   6   0   0 255  96 255   0 255   0
225 159 159 164 255 159   0 124 124   0   0 255 164 159 159 225
  0 255 255 243 164 255 233   0   0   0   0 164 243 255 255   0
  0   0   0 255 159   0  32 255   0   0  24 159 255   0   0   0
  0  14   0 255 159 248   0   0   0 255   0 159 255   0  14   0
  0   0   0   0 225   0   0 255   0   0   1 225   0   0   0   0
  0   0   0   0 225   0   0   0 171   0 194  68 255  32   0   0
  0  14   0 255 159 255 199   0 255   0   0  96 255 255   0 215
  0   0   0 255 159 255   0  71 228   0 112 164 223 254   0  13
  0 255 255 243 164 255   0   0 255 233   0 255 255 152 244 223
225 159 159 164 255 122   0 255 120   0   0 233 255   0  69  38
255   0   0 255   0   0 255 255   0 195   0   0   0   0   0   0
  0 255  59 255 193 216  84 255   0 255 255 255 218   0 180   0
220   0  17 255  51 235   0 255   0 235   0 124   0  17 255 255
  0   0   0   0 229 255 255 255 255 146   0 174 225  18   5 255
  0 255   0 218 193 255  84 255   0  93 255 255   0   0  11 255
  1 255 255 255   0 255 248   6   0   0 255  96 255   0 255   0
225 159 159 164 255 159   0 124 124   0   0 255 164 159 159 225
  0 255 255 243 164 255 233   0   0   0   0 164 243 255 255   0
  0   0   0 255 159   0  32 255   0   0  24 159 255   0   0   0
  0  14   0 255 159 248   0   0   0 255   0 159 255   0  14   0
  0   0   0   0 225   0   0 255   0   0   1 225   0   0   0   0
  0   0   0   0 225   0   0   0 171   0 194  68 255  32   0   0
  0  14   0 255 159 255 199   0 255   0   0  96 255 255   0 215
  0   0   0 255 159 255   0  71 228   0 112 164 223 254   0  13
  0 255 255 243 164 255   0   0 255 233   0 255 255 152 244 223
225 159 159 164 255 122   0 255 120   0   0 233 255   0  69  38
255   0   0 255   0   0 255 255   0 195   0   0   0   0   0   0
  0 255  59 255 193 216  84 255   0 255 255 255 218   0 180   0
220   0  17 255  51 235   0 255   0 235   0 124   0  17 255 255
  0   0   0   0 229 255 255 255 255 146   0 174 225  18   5 255
  0 255   0 218 193 255  84 255   0  93 255 255   0   0  11 255
  1 255 255 255   0 255 248   6   0   0 255  96 255   0 255   0
225 159 159 164 255 159   0 124 124   0   0 255 164 159 159 225
  0 255 255 243 164 255 233   0   0   0   0 164 243 255 255   0
  0   0   0 255 159   0  32 255   0   0  24 159 255   0   0   0
  0  14   0 255 159 248   0   0   0 255   0 159 255   0  14   0
  0   0   0   0 225   0   0 255   0   0   1 225   0   0   0   0

 55 155 101 165  70  94  85 215 225 190  13 166  56  75  70  71
  0   0  15 197  78  25 131 255  77 117 226 127 217  36  80  57
118 221 207 127   1  11  29  87  91  43  17 127 226   3  52  60
255 255 143 206 220   0 147   6 160  88 253 131 165 241 223  45
123 112 136 221 188  28 245 151 166 244 126 211 146 143 144 179
143   2 103   0   0   4 186  71  43 171 159  31  40  73  80  74
 22   6  28 162   1 111 183 165 106 135  16  71  55   0 185  18
127 209 163 192 113   9  58  42 198  56  62 108   3  54   9  68
 12  45 123   1 214 214 251 239 246 208  63 114  26 233   8 188
 96 123   0   0  30 205  93  25 223 129 134  82 153  91  36  53
 84 220 226 205 115  11 147 148 211 157 188 141 187  12 165  11
166 127 127 131 220  37 161  82 191 128  14 218 130 127 128 169
 56 217 226 165 146 241 243 239  41 133 221 130 169 227 213  46
 75  36   3 241 143  15 116  90  23  84 253 127 227   2  51  60
 70  80  52 223 144  31 199  40  30 151 242 128 213  51  90  56
 71  57  60  45 179 203  88 169  37  56  76 169  46  60  56  74
 55 155 101 165  70  94  85 215 225 190  13 166  56  75  70  71
  0   0  15 197  78  25 131 255  77 117 226 127 217  36  80  57
118 221 207 127   1  11  29  87  91  43  17 127 226   3  52  60
255 255 143 206 220   0 147   6 160  88 253 131 165 241 223  45
123 112 136 221 188  28 245 151 166 244 126 211 146 143 144 179
143   2 103   0   0   4 186  71  43 171 159  31  40  73  80  74
 22   6  28 162   1 111 183 165 106 135  16  71  55   0 185  18
127 209 163 192 113   9  58  42 198  56  62 108   3  54   9  68
 12  45 123   1 214 214 251 239 246 208  63 114  26 233   8 188
 96 123   0   0  30 205  93  25 223 129 134  82 153  91  36  53
 84 220 226 205 115  11 147 148 211 157 188 141 187  12 165  11
166 127 127 131 220  37 161  82 191 128  14 218 130 127 128 169
 56 217 226 165 146 241 243 239  41 133 221 130 169 227 213  46
 75  36   3 241 143  15 116  90  23  84 253 127 227   2  51  60
 70  80  52 223 144  31 199  40  30 151 242 128 213  51  90  56
 71  57  60  45 179 203  88 169  37  56  76 169  46  60  56  74
 55 155 101 165  70  94  85 215 225 190  13 166  56  75  70  71
  0   0  15 197  78  25 131 255  77 117 226 127 217  36  80  57
118 221 207 127   1  11  29  87  91  43  17 127 226   3  52  60
255 255 143 206 220   0 147   6 160  88 253 131 165 241 223  45
123 112 136 221 188  28 245 151 166 244 126 211 146 143 144 179
143   2 103   0   0   4 186  71  43 171 159  31  40  73  80  74
 22   6  28 162   1 111 183 165 106 135  16  71  55   0 185  18
127 209 163 192 113   9  58  42 198  56  62 108   3  54   9  68
 12  45 123   1 214 214 251 239 246 208  63 114  26 233   8 188
 96 123   0   0  30 205  93  25 223 129 134  82 153  91  36  53
 84 220 226 205 115  11 147 148 211 157 188 141 187  12 165  11
166 127 127 131 220  37 161  82 191 128  14 218 130 127 128 169
 56 217 226 165 146 241 243 239  41 133 221 130 169 227 213  46
 75  36   3 241 143  15 116  90  23  84 253 127 227   2  51  60
 70  80  52 223 144  31 199  40  30 151 242 128 213  51  90  56
 71  57  60  45 179 203  88 169  37  56  76 169  46  60  56  74

 72  64  68  51 173  83  23  61 185  59  14 173  51  68  64  72
 64  80  44 221 136  68 191   7   8  31 166 136 221  44  80  64
 68  44   3 234 135  82   0  48 234 100  15 135 234   3  44  68
 51 221 234 166 139  30  64   1  18 158 187 139 166 234 221  51
173 136 135 139 212  25  78 104 112  76 151 223 139 135 136 173
 15 221  21 245 137 160  24  59  74 138 178  17 214 252 236  83
193 116  42  79 244 176 135  54 201 134 162 132 141  78 153  63
219  91  89 154 163  50  98 191 243 217 205 185  50  26  36  41
219 255  84  10 153  63 173  39 238  22 150  81 243  93  36 162
 94 126  35 137 245 178 181  51 250  94 136 169 250 114 205  96
 84  32   9   1  21   3 108   7 206 214  17  30 248  14  24 195
 78  81   2 215 184   0   2 116 209  29 109 221 139 135 136 173
172 185 135 193 216   1 152 196   8   0 199 139 166 234 221  51
 99  19 214 152 144 110  29 165 124   0 219 135 234   3  44  68
162   0 216 255 120   2   9 202  52 129 213 136 221  44  80  64
 53   0 111 255 122 152  22 134  14  93  82 173  51  68  64  72
 72  64  68  51 173  83  23  61 185  59  14 173  51  68  64  72
 64  80  44 221 136  68 191   7   8  31 166 136 221  44  80  64
 68  44   3 234 135  82   0  48 234 100  15 135 234   3  44  68
 51 221 234 166 139  30  64   1  18 158 187 139 166 234 221  51
173 136 135 139 212  25  78 104 112  76 151 223 139 135 136 173
 15 221  21 245 137 160  24  59  74 138 178  17 214 252 236  83
193 116  42  79 244 176 135  54 201 134 162 132 141  78 153  63
219  91  89 154 163  50  98 191 243 217 205 185  50  26  36  41
219 255  84  10 153  63 173  39 238  22 150  81 243  93  36 162
 94 126  35 137 245 178 181  51 250  94 136 169 250 114 205  96
 84  32   9   1  21   3 108   7 206 214  17  30 248  14  24 195
 78  81   2 215 184   0   2 116 209  29 109 221 139 135 136 173
172 185 135 193 216   1 152 196   8   0 199 139 166 234 221  51
 99  19 214 152 144 110  29 165 124   0 219 135 234   3  44  68
162   0 216 255 120   2   9 202  52 129 213 136 221  44  80  64
 53   0 111 255 122 152  22 134  14  93  82 173  51  68  64  72
 72  64  68  51 173  83  23  61 185  59  14 173  51  68  64  72
 64  80  44 221 136  68 191   7   8  31 166 136 221  44  80  64
 68  44   3 234 135  82   0  48 234 100  15 135 234   3  44  68
 51 221 234 166 139  30  64   1  18 158 187 139 166 234 221  51
173 136 135 139 212  25  78 104 112  76 151 223 139 135 136 173
 15 221  21 245 137 160  24  59  74 138 178  17 214 252 236  83
193 116  42  79 244 176 135  54 201 134 162 132 141  78 153  63
219  91  89 154 163  50  98 191 243 217 205 185  50  26  36  41
219 255  84  10 153  63 173  39 238  22 150  81 243  93  36 162
 94 126  35 137 245 178 181  51 250  94 136 169 250 114 205  96
 84  32   9   1  21   3 108   7 206 214  17  30 248  14  24 195
 78  81   2 215 184   0   2 116 209  29 109 221 139 135 136 173
172 185 135 193 216   1 152 196   8   0 199 139 166 234 221  51
 99  19 214 152 144 110  29 165 124   0 219 135 234   3  44  68
162   0 216 255 120   2   9 202  52 129 213 136 221  44  80  64
 53   0 111 255 122 152  22 134  14  93  82 173  51  68  64  72
